100 1 1
 9.970751e-04
 9.970751e-04
 9.970751e-04
 9.970751e-04
 9.970751e-04
 9.970751e-04
 9.970751e-04
 9.970751e-04
 9.970751e-04
 9.970751e-04
 9.970751e-04
 9.970751e-04
 9.970751e-04
 9.970751e-04
 9.970751e-04
 9.970751e-04
 9.970751e-04
 9.970751e-04
 9.970751e-04
 9.970751e-04
 9.970751e-04
 9.970751e-04
 9.970751e-04
 9.970751e-04
 9.970751e-04
 9.970751e-04
 9.970751e-04
 9.970751e-04
 9.970751e-04
 9.970751e-04
 9.970751e-04
 9.970751e-04
 9.970751e-04
 9.970751e-04
 9.970751e-04
 9.970751e-04
 9.970751e-04
 9.970751e-04
 9.970751e-04
 9.970751e-04
 9.970751e-04
 9.970751e-04
 9.970751e-04
 9.970751e-04
 9.970751e-04
 9.970751e-04
 9.970751e-04
 9.970751e-04
 9.159109e-04
 8.901671e-05
 1.814522e-07
 4.543462e-10
 1.003257e-10
 9.970857e-11
 9.970756e-11
 9.970755e-11
 9.970755e-11
 9.970755e-11
 9.970755e-11
 9.970755e-11
 9.970755e-11
 9.970755e-11
 9.970755e-11
 9.970755e-11
 9.970755e-11
 9.970755e-11
 9.970755e-11
 9.970755e-11
 9.970755e-11
 9.970755e-11
 9.970755e-11
 9.970755e-11
 9.970755e-11
 9.970755e-11
 9.970755e-11
 9.970755e-11
 9.970755e-11
 9.970755e-11
 9.970755e-11
 9.970755e-11
 9.970755e-11
 9.970755e-11
 9.970755e-11
 9.970755e-11
 9.970755e-11
 9.970755e-11
 9.970755e-11
 9.970755e-11
 9.970755e-11
 9.970755e-11
 9.970755e-11
 9.970755e-11
 9.970755e-11
 9.970755e-11
 9.970755e-11
 9.970755e-11
 9.970755e-11
 9.970755e-11
 9.970755e-11
 9.970755e-11
