100 1 1
 1.021795e-03
 1.039755e-03
 1.060817e-03
 1.083273e-03
 1.104481e-03
 1.126654e-03
 1.153344e-03
 1.183483e-03
 1.200054e-03
 1.200434e-03
 1.184022e-03
 1.005162e-03
 5.918326e-04
 1.969411e-04
 2.756734e-05
 2.948973e-06
 2.588498e-07
 1.822805e-08
 9.417451e-10
 3.174214e-11
 2.292636e-18
 2.686318e-19
 2.222026e-19
 2.215247e-19
 2.215199e-19
 2.215199e-19
 2.215199e-19
 2.215199e-19
 2.215199e-19
 2.215199e-19
 2.215199e-19
 2.215199e-19
 2.215199e-19
 2.215199e-19
 2.215199e-19
 2.215199e-19
 2.215199e-19
 2.215199e-19
 2.215199e-19
 2.215199e-19
 2.215199e-19
 2.215199e-19
 2.215199e-19
 2.215199e-19
 2.215199e-19
 2.215199e-19
 2.215199e-19
 2.215199e-19
 2.215199e-19
 2.215199e-19
 2.215199e-19
 2.215199e-19
 2.215199e-19
 2.215199e-19
 2.215199e-19
 2.215199e-19
 2.215199e-19
 2.215199e-19
 2.215199e-19
 2.215199e-19
 2.215199e-19
 2.215199e-19
 2.215199e-19
 2.215199e-19
 2.215199e-19
 2.215199e-19
 2.215199e-19
 2.215199e-19
 2.215199e-19
 2.215199e-19
 2.215199e-19
 2.215199e-19
 2.215199e-19
 2.215199e-19
 2.215199e-19
 2.215199e-19
 2.215199e-19
 2.215199e-19
 2.215199e-19
 2.215199e-19
 2.215199e-19
 2.215199e-19
 2.215199e-19
 2.215199e-19
 2.215199e-19
 2.215199e-19
 2.215199e-19
 2.215199e-19
 2.215199e-19
 2.215199e-19
 2.215199e-19
 2.215199e-19
 2.215199e-19
 2.215199e-19
 2.215199e-19
 2.215199e-19
 2.215199e-19
 2.215199e-19
 2.215199e-19
 2.215199e-19
