100 1 1
 1.461712e-02
 1.461712e-02
 1.461712e-02
 1.461712e-02
 1.461712e-02
 1.461713e-02
 1.461725e-02
 1.461908e-02
 1.464292e-02
 1.491337e-02
 1.758763e-02
 3.720320e-02
 7.999110e-02
 1.221553e-01
 1.413578e-01
 1.443220e-01
 1.446442e-01
 1.446734e-01
 1.446755e-01
 1.446756e-01
 1.446756e-01
 1.446756e-01
 1.446756e-01
 1.446756e-01
 1.446756e-01
 1.446756e-01
 1.446756e-01
 1.446756e-01
 1.446756e-01
 1.446756e-01
 1.446756e-01
 1.446756e-01
 1.446756e-01
 1.446756e-01
 1.446756e-01
 1.446756e-01
 1.446756e-01
 1.446756e-01
 1.446756e-01
 1.446756e-01
 1.446756e-01
 1.446756e-01
 1.446756e-01
 1.446756e-01
 1.446756e-01
 1.446756e-01
 1.446756e-01
 1.446756e-01
 1.446756e-01
 1.446756e-01
 1.446756e-01
 1.446756e-01
 1.446756e-01
 1.446756e-01
 1.446756e-01
 1.446756e-01
 1.446756e-01
 1.446756e-01
 1.446756e-01
 1.446756e-01
 1.446756e-01
 1.446756e-01
 1.446756e-01
 1.446756e-01
 1.446756e-01
 1.446756e-01
 1.446756e-01
 1.446756e-01
 1.446756e-01
 1.446756e-01
 1.446756e-01
 1.446756e-01
 1.446756e-01
 1.446756e-01
 1.446756e-01
 1.446756e-01
 1.446756e-01
 1.446756e-01
 1.446756e-01
 1.446756e-01
 1.446756e-01
 1.446756e-01
 1.446756e-01
 1.446756e-01
 1.446756e-01
 1.446756e-01
 1.446756e-01
 1.446756e-01
 1.446756e-01
 1.446756e-01
 1.446756e-01
 1.446756e-01
 1.446756e-01
 1.446756e-01
 1.446756e-01
 1.446756e-01
 1.446756e-01
 1.446756e-01
 1.446756e-01
 1.446756e-01
