100 1 1
 1.120165e+02
 1.531847e+02
 1.597878e+02
 1.598969e+02
 1.599880e+02
 1.600061e+02
 1.600247e+02
 1.601148e+02
 1.602659e+02
 1.601813e+02
 1.602854e+02
 1.602156e+02
 1.604418e+02
 1.606467e+02
 1.605966e+02
 1.605707e+02
 1.605708e+02
 1.605708e+02
 1.605708e+02
 1.605708e+02
 1.605708e+02
 1.605708e+02
 1.605708e+02
 1.605708e+02
 1.605708e+02
 1.605708e+02
 1.605708e+02
 1.605708e+02
 1.605708e+02
 1.605708e+02
 1.605708e+02
 1.605708e+02
 1.605708e+02
 1.605708e+02
 1.605708e+02
 1.605708e+02
 1.605708e+02
 1.605708e+02
 1.605708e+02
 1.605708e+02
 1.605708e+02
 1.605708e+02
 1.605708e+02
 1.605708e+02
 1.605708e+02
 1.605708e+02
 1.605708e+02
 1.605708e+02
 1.605708e+02
 1.605708e+02
 1.605708e+02
 1.605708e+02
 1.605708e+02
 1.605708e+02
 1.605708e+02
 1.605708e+02
 1.605708e+02
 1.605708e+02
 1.605708e+02
 1.605708e+02
 1.605708e+02
 1.605708e+02
 1.605708e+02
 1.605708e+02
 1.605708e+02
 1.605708e+02
 1.605708e+02
 1.605708e+02
 1.605708e+02
 1.605708e+02
 1.605708e+02
 1.605708e+02
 1.605708e+02
 1.605708e+02
 1.605708e+02
 1.605708e+02
 1.605708e+02
 1.605708e+02
 1.605708e+02
 1.605708e+02
 1.605708e+02
 1.605708e+02
 1.605708e+02
 1.605708e+02
 1.605708e+02
 1.605708e+02
 1.605708e+02
 1.605708e+02
 1.605708e+02
 1.605708e+02
 1.605708e+02
 1.605708e+02
 1.605708e+02
 1.605708e+02
 1.605708e+02
 1.605708e+02
 1.605708e+02
 1.605708e+02
 1.605708e+02
 1.605708e+02
