100 1 1
 1.767458e+02
 1.545490e+02
 1.528462e+02
 1.532009e+02
 1.532040e+02
 1.532021e+02
 1.531966e+02
 1.531808e+02
 1.531515e+02
 1.531684e+02
 1.531482e+02
 1.531617e+02
 1.531187e+02
 1.530800e+02
 1.530893e+02
 1.530943e+02
 1.530943e+02
 1.530943e+02
 1.530943e+02
 1.530943e+02
 1.530943e+02
 1.530943e+02
 1.530943e+02
 1.530943e+02
 1.530943e+02
 1.530943e+02
 1.530943e+02
 1.530943e+02
 1.530943e+02
 1.530943e+02
 1.530943e+02
 1.530943e+02
 1.530943e+02
 1.530943e+02
 1.530943e+02
 1.530943e+02
 1.530943e+02
 1.530943e+02
 1.530943e+02
 1.530943e+02
 1.530943e+02
 1.530943e+02
 1.530943e+02
 1.530943e+02
 1.530943e+02
 1.530943e+02
 1.530943e+02
 1.530943e+02
 1.530943e+02
 1.530943e+02
 1.530943e+02
 1.530943e+02
 1.530943e+02
 1.530943e+02
 1.530943e+02
 1.530943e+02
 1.530943e+02
 1.530943e+02
 1.530943e+02
 1.530943e+02
 1.530943e+02
 1.530943e+02
 1.530943e+02
 1.530943e+02
 1.530943e+02
 1.530943e+02
 1.530943e+02
 1.530943e+02
 1.530943e+02
 1.530943e+02
 1.530943e+02
 1.530943e+02
 1.530943e+02
 1.530943e+02
 1.530943e+02
 1.530943e+02
 1.530943e+02
 1.530943e+02
 1.530943e+02
 1.530943e+02
 1.530943e+02
 1.530943e+02
 1.530943e+02
 1.530943e+02
 1.530943e+02
 1.530943e+02
 1.530943e+02
 1.530943e+02
 1.530943e+02
 1.530943e+02
 1.530943e+02
 1.530943e+02
 1.530943e+02
 1.530943e+02
 1.530943e+02
 1.530943e+02
 1.530943e+02
 1.530943e+02
 1.530943e+02
 1.530943e+02
