100 1 1
 1.193994e-02
 1.308640e-02
 1.321144e-02
 1.326461e-02
 1.329394e-02
 1.329211e-02
 1.321797e-02
 1.312305e-02
 1.311985e-02
 1.327912e-02
 1.573371e-02
 3.036786e-02
 5.576797e-02
 7.637284e-02
 8.483371e-02
 8.610990e-02
 8.625022e-02
 8.626301e-02
 8.626393e-02
 8.626398e-02
 8.626399e-02
 8.626399e-02
 8.626399e-02
 8.626399e-02
 8.626399e-02
 8.626399e-02
 8.626399e-02
 8.626399e-02
 8.626399e-02
 8.626399e-02
 8.626399e-02
 8.626399e-02
 8.626399e-02
 8.626399e-02
 8.626399e-02
 8.626399e-02
 8.626399e-02
 8.626399e-02
 8.626399e-02
 8.626399e-02
 8.626399e-02
 8.626399e-02
 8.626399e-02
 8.626399e-02
 8.626399e-02
 8.626399e-02
 8.626399e-02
 8.626399e-02
 8.626399e-02
 8.626399e-02
 8.626399e-02
 8.626399e-02
 8.626399e-02
 8.626399e-02
 8.626399e-02
 8.626399e-02
 8.626399e-02
 8.626399e-02
 8.626399e-02
 8.626399e-02
 8.626399e-02
 8.626399e-02
 8.626399e-02
 8.626399e-02
 8.626399e-02
 8.626399e-02
 8.626399e-02
 8.626399e-02
 8.626399e-02
 8.626399e-02
 8.626399e-02
 8.626399e-02
 8.626399e-02
 8.626399e-02
 8.626399e-02
 8.626399e-02
 8.626399e-02
 8.626399e-02
 8.626399e-02
 8.626399e-02
 8.626399e-02
 8.626399e-02
 8.626399e-02
 8.626399e-02
 8.626399e-02
 8.626399e-02
 8.626399e-02
 8.626399e-02
 8.626399e-02
 8.626399e-02
 8.626399e-02
 8.626399e-02
 8.626399e-02
 8.626399e-02
 8.626399e-02
 8.626399e-02
 8.626399e-02
 8.626399e-02
 8.626399e-02
 8.626399e-02
