100 1 1
 1.422459e+02
 1.438586e+02
 1.422598e+02
 1.418506e+02
 1.418020e+02
 1.417948e+02
 1.417910e+02
 1.417618e+02
 1.417155e+02
 1.417409e+02
 1.417091e+02
 1.417304e+02
 1.416604e+02
 1.415966e+02
 1.416124e+02
 1.416203e+02
 1.416203e+02
 1.416203e+02
 1.416203e+02
 1.416203e+02
 1.416203e+02
 1.416203e+02
 1.416203e+02
 1.416203e+02
 1.416203e+02
 1.416203e+02
 1.416203e+02
 1.416203e+02
 1.416203e+02
 1.416203e+02
 1.416203e+02
 1.416203e+02
 1.416203e+02
 1.416203e+02
 1.416203e+02
 1.416203e+02
 1.416203e+02
 1.416203e+02
 1.416203e+02
 1.416203e+02
 1.416203e+02
 1.416203e+02
 1.416203e+02
 1.416203e+02
 1.416203e+02
 1.416203e+02
 1.416203e+02
 1.416203e+02
 1.416203e+02
 1.416203e+02
 1.416203e+02
 1.416203e+02
 1.416203e+02
 1.416203e+02
 1.416203e+02
 1.416203e+02
 1.416203e+02
 1.416203e+02
 1.416203e+02
 1.416203e+02
 1.416203e+02
 1.416203e+02
 1.416203e+02
 1.416203e+02
 1.416203e+02
 1.416203e+02
 1.416203e+02
 1.416203e+02
 1.416203e+02
 1.416203e+02
 1.416203e+02
 1.416203e+02
 1.416203e+02
 1.416203e+02
 1.416203e+02
 1.416203e+02
 1.416203e+02
 1.416203e+02
 1.416203e+02
 1.416203e+02
 1.416203e+02
 1.416203e+02
 1.416203e+02
 1.416203e+02
 1.416203e+02
 1.416203e+02
 1.416203e+02
 1.416203e+02
 1.416203e+02
 1.416203e+02
 1.416203e+02
 1.416203e+02
 1.416203e+02
 1.416203e+02
 1.416203e+02
 1.416203e+02
 1.416203e+02
 1.416203e+02
 1.416203e+02
 1.416203e+02
