100 1 1
 5.028345e-04
 2.824302e-04
 2.616394e-04
 2.640011e-04
 2.648736e-04
 2.647375e-04
 2.617218e-04
 2.576598e-04
 2.569994e-04
 2.635842e-04
 3.695064e-04
 1.377858e-03
 4.632316e-03
 8.663407e-03
 1.069657e-02
 1.102474e-02
 1.106068e-02
 1.106396e-02
 1.106420e-02
 1.106421e-02
 1.106421e-02
 1.106421e-02
 1.106421e-02
 1.106421e-02
 1.106421e-02
 1.106421e-02
 1.106421e-02
 1.106421e-02
 1.106421e-02
 1.106421e-02
 1.106421e-02
 1.106421e-02
 1.106421e-02
 1.106421e-02
 1.106421e-02
 1.106421e-02
 1.106421e-02
 1.106421e-02
 1.106421e-02
 1.106421e-02
 1.106421e-02
 1.106421e-02
 1.106421e-02
 1.106421e-02
 1.106421e-02
 1.106421e-02
 1.106421e-02
 1.106421e-02
 1.106421e-02
 1.106421e-02
 1.106421e-02
 1.106421e-02
 1.106421e-02
 1.106421e-02
 1.106421e-02
 1.106421e-02
 1.106421e-02
 1.106421e-02
 1.106421e-02
 1.106421e-02
 1.106421e-02
 1.106421e-02
 1.106421e-02
 1.106421e-02
 1.106421e-02
 1.106421e-02
 1.106421e-02
 1.106421e-02
 1.106421e-02
 1.106421e-02
 1.106421e-02
 1.106421e-02
 1.106421e-02
 1.106421e-02
 1.106421e-02
 1.106421e-02
 1.106421e-02
 1.106421e-02
 1.106421e-02
 1.106421e-02
 1.106421e-02
 1.106421e-02
 1.106421e-02
 1.106421e-02
 1.106421e-02
 1.106421e-02
 1.106421e-02
 1.106421e-02
 1.106421e-02
 1.106421e-02
 1.106421e-02
 1.106421e-02
 1.106421e-02
 1.106421e-02
 1.106421e-02
 1.106421e-02
 1.106421e-02
 1.106421e-02
 1.106421e-02
 1.106421e-02
