100 1 1
 7.173055e-04
 4.659820e-04
 4.316376e-04
 4.332756e-04
 4.345494e-04
 4.343095e-04
 4.293664e-04
 4.226588e-04
 4.215184e-04
 4.323486e-04
 6.060328e-04
 2.259986e-03
 7.596384e-03
 1.420402e-02
 1.753838e-02
 1.807687e-02
 1.813580e-02
 1.814118e-02
 1.814157e-02
 1.814159e-02
 1.814159e-02
 1.814159e-02
 1.814159e-02
 1.814159e-02
 1.814159e-02
 1.814159e-02
 1.814159e-02
 1.814159e-02
 1.814159e-02
 1.814159e-02
 1.814159e-02
 1.814159e-02
 1.814159e-02
 1.814159e-02
 1.814159e-02
 1.814159e-02
 1.814159e-02
 1.814159e-02
 1.814159e-02
 1.814159e-02
 1.814159e-02
 1.814159e-02
 1.814159e-02
 1.814159e-02
 1.814159e-02
 1.814159e-02
 1.814159e-02
 1.814159e-02
 1.814159e-02
 1.814159e-02
 1.814159e-02
 1.814159e-02
 1.814159e-02
 1.814159e-02
 1.814159e-02
 1.814159e-02
 1.814159e-02
 1.814159e-02
 1.814159e-02
 1.814159e-02
 1.814159e-02
 1.814159e-02
 1.814159e-02
 1.814159e-02
 1.814159e-02
 1.814159e-02
 1.814159e-02
 1.814159e-02
 1.814159e-02
 1.814159e-02
 1.814159e-02
 1.814159e-02
 1.814159e-02
 1.814159e-02
 1.814159e-02
 1.814159e-02
 1.814159e-02
 1.814159e-02
 1.814159e-02
 1.814159e-02
 1.814159e-02
 1.814159e-02
 1.814159e-02
 1.814159e-02
 1.814159e-02
 1.814159e-02
 1.814159e-02
 1.814159e-02
 1.814159e-02
 1.814159e-02
 1.814159e-02
 1.814159e-02
 1.814159e-02
 1.814159e-02
 1.814159e-02
 1.814159e-02
 1.814159e-02
 1.814159e-02
 1.814159e-02
 1.814159e-02
