100 1 1
 5.992950e+00
 5.959643e+00
 5.903410e+00
 5.838854e+00
 5.772811e+00
 5.706710e+00
 5.639568e+00
 5.569121e+00
 5.491906e+00
 5.403406e+00
 5.300639e+00
 5.189858e+00
 5.090875e+00
 5.026497e+00
 5.003936e+00
 5.000833e+00
 5.000472e+00
 5.000439e+00
 5.000437e+00
 5.000437e+00
 5.000437e+00
 5.000437e+00
 5.000437e+00
 5.000437e+00
 5.000437e+00
 5.000437e+00
 5.000437e+00
 5.000437e+00
 5.000437e+00
 5.000437e+00
 5.000437e+00
 5.000437e+00
 5.000437e+00
 5.000437e+00
 5.000437e+00
 5.000437e+00
 5.000437e+00
 5.000437e+00
 5.000437e+00
 5.000437e+00
 5.000437e+00
 5.000437e+00
 5.000437e+00
 5.000437e+00
 5.000437e+00
 5.000437e+00
 5.000437e+00
 5.000437e+00
 5.000437e+00
 5.000437e+00
 5.000437e+00
 5.000437e+00
 5.000437e+00
 5.000437e+00
 5.000437e+00
 5.000437e+00
 5.000437e+00
 5.000437e+00
 5.000437e+00
 5.000437e+00
 5.000437e+00
 5.000437e+00
 5.000437e+00
 5.000437e+00
 5.000437e+00
 5.000437e+00
 5.000437e+00
 5.000437e+00
 5.000437e+00
 5.000437e+00
 5.000437e+00
 5.000437e+00
 5.000437e+00
 5.000437e+00
 5.000437e+00
 5.000437e+00
 5.000437e+00
 5.000437e+00
 5.000437e+00
 5.000437e+00
 5.000437e+00
 5.000437e+00
 5.000437e+00
 5.000437e+00
 5.000437e+00
 5.000437e+00
 5.000437e+00
 5.000437e+00
 5.000437e+00
 5.000437e+00
 5.000437e+00
 5.000437e+00
 5.000437e+00
 5.000437e+00
 5.000437e+00
 5.000437e+00
 5.000437e+00
 5.000437e+00
 5.000437e+00
 5.000437e+00
