100 1 1
 1.000000e-01
 1.000000e-01
 1.000000e-01
 1.000000e-01
 1.000000e-01
 1.000000e-01
 1.000000e-01
 1.000000e-01
 1.000000e-01
 1.000000e-01
 1.000000e-01
 1.000000e-01
 1.000000e-01
 1.000000e-01
 1.000000e-01
 1.000000e-01
 1.000000e-01
 1.000000e-01
 1.000000e-01
 1.000000e-01
 1.000000e-01
 1.000000e-01
 1.000000e-01
 1.000000e-01
 1.000000e-01
 1.000000e-01
 1.000000e-01
 1.000000e-01
 1.000000e-01
 1.000000e-01
 1.000000e-01
 1.000000e-01
 1.000000e-01
 1.000000e-01
 1.000000e-01
 1.000000e-01
 1.000000e-01
 1.000000e-01
 1.000000e-01
 1.000000e-01
 1.000000e-01
 1.000000e-01
 1.000000e-01
 1.000000e-01
 1.000000e-01
 1.000000e-01
 1.000000e-01
 1.000000e-01
 1.000000e-01
 1.000000e-01
 1.000000e-01
 1.000000e-01
 1.000000e-01
 1.000000e-01
 1.000000e-01
 1.000000e-01
 1.000000e-01
 1.000000e-01
 1.000000e-01
 1.000000e-01
 1.000000e-01
 1.000000e-01
 1.000000e-01
 1.000000e-01
 1.000000e-01
 1.000000e-01
 1.000000e-01
 1.000000e-01
 1.000000e-01
 1.000000e-01
 1.000000e-01
 1.000000e-01
 1.000000e-01
 1.000000e-01
 1.000000e-01
 1.000000e-01
 1.000000e-01
 1.000000e-01
 1.000000e-01
 1.000000e-01
 1.000000e-01
 1.000000e-01
 1.000000e-01
 1.000000e-01
 1.000000e-01
 1.000000e-01
 1.000000e-01
 1.000000e-01
 1.000000e-01
 1.000000e-01
 1.000000e-01
 1.000000e-01
 1.000000e-01
 1.000000e-01
 1.000000e-01
 1.000000e-01
 1.000000e-01
 1.000000e-01
 1.000000e-01
 1.000000e-01
