100 1 1
 1.204537e-06
 1.302625e-06
 1.485949e-06
 1.727369e-06
 2.013963e-06
 2.347535e-06
 2.742188e-06
 3.227050e-06
 3.856776e-06
 4.730261e-06
 5.994761e-06
 7.738054e-06
 9.719840e-06
 1.127344e-05
 1.187469e-05
 1.195986e-05
 1.196981e-05
 1.197072e-05
 1.197079e-05
 1.197079e-05
 1.197079e-05
 1.197079e-05
 1.197079e-05
 1.197079e-05
 1.197079e-05
 1.197079e-05
 1.197079e-05
 1.197079e-05
 1.197079e-05
 1.197079e-05
 1.197079e-05
 1.197079e-05
 1.197079e-05
 1.197079e-05
 1.197079e-05
 1.197079e-05
 1.197079e-05
 1.197079e-05
 1.197079e-05
 1.197079e-05
 1.197079e-05
 1.197079e-05
 1.197079e-05
 1.197079e-05
 1.197079e-05
 1.197079e-05
 1.197079e-05
 1.197079e-05
 1.197079e-05
 1.197079e-05
 1.197079e-05
 1.197079e-05
 1.197079e-05
 1.197079e-05
 1.197079e-05
 1.197079e-05
 1.197079e-05
 1.197079e-05
 1.197079e-05
 1.197079e-05
 1.197079e-05
 1.197079e-05
 1.197079e-05
 1.197079e-05
 1.197079e-05
 1.197079e-05
 1.197079e-05
 1.197079e-05
 1.197079e-05
 1.197079e-05
 1.197079e-05
 1.197079e-05
 1.197079e-05
 1.197079e-05
 1.197079e-05
 1.197079e-05
 1.197079e-05
 1.197079e-05
 1.197079e-05
 1.197079e-05
 1.197079e-05
 1.197079e-05
 1.197079e-05
 1.197079e-05
 1.197079e-05
 1.197079e-05
 1.197079e-05
 1.197079e-05
 1.197079e-05
 1.197079e-05
 1.197079e-05
 1.197079e-05
 1.197079e-05
 1.197079e-05
 1.197079e-05
 1.197079e-05
 1.197079e-05
 1.197079e-05
 1.197079e-05
 1.197079e-05
