100 1 1
 1.989523e-04
 1.726725e-04
 1.352781e-04
 1.015559e-04
 7.529492e-05
 5.553731e-05
 4.061350e-05
 2.922026e-05
 2.043224e-05
 1.355332e-05
 8.201854e-06
 4.188487e-06
 1.763282e-06
 6.480247e-07
 2.975623e-07
 2.473280e-07
 2.419182e-07
 2.414250e-07
 2.413892e-07
 2.413873e-07
 2.413872e-07
 2.413872e-07
 2.413872e-07
 2.413872e-07
 2.413872e-07
 2.413872e-07
 2.413872e-07
 2.413872e-07
 2.413872e-07
 2.413872e-07
 2.413872e-07
 2.413872e-07
 2.413872e-07
 2.413872e-07
 2.413872e-07
 2.413872e-07
 2.413872e-07
 2.413872e-07
 2.413872e-07
 2.413872e-07
 2.413872e-07
 2.413872e-07
 2.413872e-07
 2.413872e-07
 2.413872e-07
 2.413872e-07
 2.413872e-07
 2.413872e-07
 2.413872e-07
 2.413872e-07
 2.413872e-07
 2.413872e-07
 2.413872e-07
 2.413872e-07
 2.413872e-07
 2.413872e-07
 2.413872e-07
 2.413872e-07
 2.413872e-07
 2.413872e-07
 2.413872e-07
 2.413872e-07
 2.413872e-07
 2.413872e-07
 2.413872e-07
 2.413872e-07
 2.413872e-07
 2.413872e-07
 2.413872e-07
 2.413872e-07
 2.413872e-07
 2.413872e-07
 2.413872e-07
 2.413872e-07
 2.413872e-07
 2.413872e-07
 2.413872e-07
 2.413872e-07
 2.413872e-07
 2.413872e-07
 2.413872e-07
 2.413872e-07
 2.413872e-07
 2.413872e-07
 2.413872e-07
 2.413872e-07
 2.413872e-07
 2.413872e-07
 2.413872e-07
 2.413872e-07
 2.413872e-07
 2.413872e-07
 2.413872e-07
 2.413872e-07
 2.413872e-07
 2.413872e-07
 2.413872e-07
 2.413872e-07
 2.413872e-07
 2.413872e-07
