100 1 1
 9.985283e-07
 9.918925e-07
 9.805852e-07
 9.672915e-07
 9.533781e-07
 9.390289e-07
 9.242774e-07
 9.108354e-07
 9.014187e-07
 8.924372e-07
 8.616445e-07
 7.292934e-07
 4.827454e-07
 2.382435e-07
 1.213107e-07
 1.022750e-07
 1.002035e-07
 1.000143e-07
 1.000006e-07
 9.999990e-08
 9.999987e-08
 9.999987e-08
 9.999987e-08
 9.999987e-08
 9.999987e-08
 9.999987e-08
 9.999987e-08
 9.999987e-08
 9.999987e-08
 9.999987e-08
 9.999987e-08
 9.999987e-08
 9.999987e-08
 9.999987e-08
 9.999987e-08
 9.999987e-08
 9.999987e-08
 9.999987e-08
 9.999987e-08
 9.999987e-08
 9.999987e-08
 9.999987e-08
 9.999987e-08
 9.999987e-08
 9.999987e-08
 9.999987e-08
 9.999987e-08
 9.999987e-08
 9.999987e-08
 9.999987e-08
 9.999987e-08
 9.999987e-08
 9.999987e-08
 9.999987e-08
 9.999987e-08
 9.999987e-08
 9.999987e-08
 9.999987e-08
 9.999987e-08
 9.999987e-08
 9.999987e-08
 9.999987e-08
 9.999987e-08
 9.999987e-08
 9.999987e-08
 9.999987e-08
 9.999987e-08
 9.999987e-08
 9.999987e-08
 9.999987e-08
 9.999987e-08
 9.999987e-08
 9.999987e-08
 9.999987e-08
 9.999987e-08
 9.999987e-08
 9.999987e-08
 9.999987e-08
 9.999987e-08
 9.999987e-08
 9.999987e-08
 9.999987e-08
 9.999987e-08
 9.999987e-08
 9.999987e-08
 9.999987e-08
 9.999987e-08
 9.999987e-08
 9.999987e-08
 9.999987e-08
 9.999987e-08
 9.999987e-08
 9.999987e-08
 9.999987e-08
 9.999987e-08
 9.999987e-08
 9.999987e-08
 9.999987e-08
 9.999987e-08
 9.999987e-08
