100 1 1
 7.308649e-02
 7.347122e-02
 7.405826e-02
 7.464504e-02
 7.516099e-02
 7.560362e-02
 7.598832e-02
 7.633178e-02
 7.664838e-02
 7.694761e-02
 7.722633e-02
 7.746180e-02
 7.762697e-02
 7.771576e-02
 7.774392e-02
 7.774769e-02
 7.774812e-02
 7.774816e-02
 7.774817e-02
 7.774817e-02
 7.774817e-02
 7.774817e-02
 7.774817e-02
 7.774817e-02
 7.774817e-02
 7.774817e-02
 7.774817e-02
 7.774817e-02
 7.774817e-02
 7.774817e-02
 7.774817e-02
 7.774817e-02
 7.774817e-02
 7.774817e-02
 7.774817e-02
 7.774817e-02
 7.774817e-02
 7.774817e-02
 7.774817e-02
 7.774817e-02
 7.774817e-02
 7.774817e-02
 7.774817e-02
 7.774817e-02
 7.774817e-02
 7.774817e-02
 7.774817e-02
 7.774817e-02
 7.774817e-02
 7.774817e-02
 7.774817e-02
 7.774817e-02
 7.774817e-02
 7.774817e-02
 7.774817e-02
 7.774817e-02
 7.774817e-02
 7.774817e-02
 7.774817e-02
 7.774817e-02
 7.774817e-02
 7.774817e-02
 7.774817e-02
 7.774817e-02
 7.774817e-02
 7.774817e-02
 7.774817e-02
 7.774817e-02
 7.774817e-02
 7.774817e-02
 7.774817e-02
 7.774817e-02
 7.774817e-02
 7.774817e-02
 7.774817e-02
 7.774817e-02
 7.774817e-02
 7.774817e-02
 7.774817e-02
 7.774817e-02
 7.774817e-02
 7.774817e-02
 7.774817e-02
 7.774817e-02
 7.774817e-02
 7.774817e-02
 7.774817e-02
 7.774817e-02
 7.774817e-02
 7.774817e-02
 7.774817e-02
 7.774817e-02
 7.774817e-02
 7.774817e-02
 7.774817e-02
 7.774817e-02
 7.774817e-02
 7.774817e-02
 7.774817e-02
 7.774817e-02
