100 1 1
 9.999682e-02
 9.999682e-02
 9.999682e-02
 9.999682e-02
 9.999682e-02
 9.999682e-02
 9.999682e-02
 9.999682e-02
 9.999681e-02
 9.999680e-02
 9.999661e-02
 9.999526e-02
 9.999230e-02
 9.998939e-02
 9.998806e-02
 9.998785e-02
 9.998783e-02
 9.998783e-02
 9.998783e-02
 9.998783e-02
 9.998783e-02
 9.998783e-02
 9.998783e-02
 9.998783e-02
 9.998783e-02
 9.998783e-02
 9.998783e-02
 9.998783e-02
 9.998783e-02
 9.998783e-02
 9.998783e-02
 9.998783e-02
 9.998783e-02
 9.998783e-02
 9.998783e-02
 9.998783e-02
 9.998783e-02
 9.998783e-02
 9.998783e-02
 9.998783e-02
 9.998783e-02
 9.998783e-02
 9.998783e-02
 9.998783e-02
 9.998783e-02
 9.998783e-02
 9.998783e-02
 9.998783e-02
 9.998783e-02
 9.998783e-02
 9.998783e-02
 9.998783e-02
 9.998783e-02
 9.998783e-02
 9.998783e-02
 9.998783e-02
 9.998783e-02
 9.998783e-02
 9.998783e-02
 9.998783e-02
 9.998783e-02
 9.998783e-02
 9.998783e-02
 9.998783e-02
 9.998783e-02
 9.998783e-02
 9.998783e-02
 9.998783e-02
 9.998783e-02
 9.998783e-02
 9.998783e-02
 9.998783e-02
 9.998783e-02
 9.998783e-02
 9.998783e-02
 9.998783e-02
 9.998783e-02
 9.998783e-02
 9.998783e-02
 9.998783e-02
 9.998783e-02
 9.998783e-02
 9.998783e-02
 9.998783e-02
 9.998783e-02
 9.998783e-02
 9.998783e-02
 9.998783e-02
 9.998783e-02
 9.998783e-02
 9.998783e-02
 9.998783e-02
 9.998783e-02
 9.998783e-02
 9.998783e-02
 9.998783e-02
 9.998783e-02
 9.998783e-02
 9.998783e-02
 9.998783e-02
