100 1 1
 8.433483e-04
 6.829273e-04
 5.536842e-04
 4.485480e-04
 3.626795e-04
 2.934296e-04
 2.374884e-04
 1.923746e-04
 1.569753e-04
 1.282777e-04
 1.004325e-04
 6.857987e-05
 3.515592e-05
 1.028997e-05
 1.371954e-06
 1.579651e-07
 1.439321e-08
 1.035990e-09
 5.475308e-11
 1.891285e-12
 1.683203e-19
 1.677965e-20
 1.432858e-20
 1.430285e-20
 1.430274e-20
 1.430274e-20
 1.430274e-20
 1.430274e-20
 1.430274e-20
 1.430274e-20
 1.430274e-20
 1.430274e-20
 1.430274e-20
 1.430274e-20
 1.430274e-20
 1.430274e-20
 1.430274e-20
 1.430274e-20
 1.430274e-20
 1.430274e-20
 1.430274e-20
 1.430274e-20
 1.430274e-20
 1.430274e-20
 1.430274e-20
 1.430274e-20
 1.430274e-20
 1.430274e-20
 1.430274e-20
 1.430274e-20
 1.430274e-20
 1.430274e-20
 1.430274e-20
 1.430274e-20
 1.430274e-20
 1.430274e-20
 1.430274e-20
 1.430274e-20
 1.430274e-20
 1.430274e-20
 1.430274e-20
 1.430274e-20
 1.430274e-20
 1.430274e-20
 1.430274e-20
 1.430274e-20
 1.430274e-20
 1.430274e-20
 1.430274e-20
 1.430274e-20
 1.430274e-20
 1.430274e-20
 1.430274e-20
 1.430274e-20
 1.430274e-20
 1.430274e-20
 1.430274e-20
 1.430274e-20
 1.430274e-20
 1.430274e-20
 1.430274e-20
 1.430274e-20
 1.430274e-20
 1.430274e-20
 1.430274e-20
 1.430274e-20
 1.430274e-20
 1.430274e-20
 1.430274e-20
 1.430274e-20
 1.430274e-20
 1.430274e-20
 1.430274e-20
 1.430274e-20
 1.430274e-20
 1.430274e-20
 1.430274e-20
 1.430274e-20
 1.430274e-20
 1.430274e-20
