100 1 1
 0.000000e+00
 0.000000e+00
 0.000000e+00
 0.000000e+00
 0.000000e+00
 0.000000e+00
 0.000000e+00
 0.000000e+00
 0.000000e+00
 0.000000e+00
 9.244079e-06
 1.006999e-05
 9.987290e-06
 9.988002e-06
 9.993373e-06
 9.996473e-06
 9.996753e-06
 9.996788e-06
 9.996791e-06
 9.996791e-06
 9.996791e-06
 9.996791e-06
 9.996791e-06
 9.996791e-06
 9.996791e-06
 9.996791e-06
 9.996791e-06
 9.996791e-06
 9.996791e-06
 9.996791e-06
 9.996791e-06
 9.996791e-06
 9.996791e-06
 9.996791e-06
 9.996791e-06
 9.996791e-06
 9.996791e-06
 9.996791e-06
 9.996791e-06
 9.996791e-06
 9.996791e-06
 9.996791e-06
 9.996791e-06
 9.996791e-06
 9.996791e-06
 9.996791e-06
 9.996791e-06
 9.996791e-06
 9.996791e-06
 9.996791e-06
 9.996791e-06
 9.996791e-06
 9.996791e-06
 9.996791e-06
 9.996791e-06
 9.996791e-06
 9.996791e-06
 9.996791e-06
 9.996791e-06
 9.996791e-06
 9.996791e-06
 9.996791e-06
 9.996791e-06
 9.996791e-06
 9.996791e-06
 9.996791e-06
 9.996791e-06
 9.996791e-06
 9.996791e-06
 9.996791e-06
 9.996791e-06
 9.996791e-06
 9.996791e-06
 9.996791e-06
 9.996791e-06
 9.996791e-06
 9.996791e-06
 9.996791e-06
 9.996791e-06
 9.996791e-06
 9.996791e-06
 9.996791e-06
 9.996791e-06
 9.996791e-06
 9.996791e-06
 9.996791e-06
 9.996791e-06
 9.996791e-06
 9.996791e-06
 9.996791e-06
 9.996791e-06
 9.996791e-06
 9.996791e-06
 9.996791e-06
 9.996791e-06
 9.996791e-06
 9.996791e-06
 9.996791e-06
 9.996791e-06
 9.996791e-06
