100 1 1
 1.672914e-05
 1.672914e-05
 1.672914e-05
 1.672914e-05
 1.672915e-05
 1.672979e-05
 1.675217e-05
 1.750174e-05
 4.099183e-05
 4.765086e-04
 8.651776e-04
 8.240395e-04
 7.291990e-04
 6.145624e-04
 5.376396e-04
 5.187365e-04
 5.165005e-04
 5.162797e-04
 5.162632e-04
 5.162623e-04
 5.162623e-04
 5.162623e-04
 5.162623e-04
 5.162623e-04
 5.162623e-04
 5.162623e-04
 5.162623e-04
 5.162623e-04
 5.162623e-04
 5.162623e-04
 5.162623e-04
 5.162623e-04
 5.162623e-04
 5.162623e-04
 5.162623e-04
 5.162623e-04
 5.162623e-04
 5.162623e-04
 5.162623e-04
 5.162623e-04
 5.162623e-04
 5.162623e-04
 5.162623e-04
 5.162623e-04
 5.162623e-04
 5.162623e-04
 5.162623e-04
 5.162623e-04
 5.162623e-04
 5.162623e-04
 5.162623e-04
 5.162623e-04
 5.162623e-04
 5.162623e-04
 5.162623e-04
 5.162623e-04
 5.162623e-04
 5.162623e-04
 5.162623e-04
 5.162623e-04
 5.162623e-04
 5.162623e-04
 5.162623e-04
 5.162623e-04
 5.162623e-04
 5.162623e-04
 5.162623e-04
 5.162623e-04
 5.162623e-04
 5.162623e-04
 5.162623e-04
 5.162623e-04
 5.162623e-04
 5.162623e-04
 5.162623e-04
 5.162623e-04
 5.162623e-04
 5.162623e-04
 5.162623e-04
 5.162623e-04
 5.162623e-04
 5.162623e-04
 5.162623e-04
 5.162623e-04
 5.162623e-04
 5.162623e-04
 5.162623e-04
 5.162623e-04
 5.162623e-04
 5.162623e-04
 5.162623e-04
 5.162623e-04
 5.162623e-04
 5.162623e-04
 5.162623e-04
 5.162623e-04
 5.162623e-04
 5.162623e-04
 5.162623e-04
 5.162623e-04
