100 1 1
 4.999644e+00
 5.000077e+00
 5.000077e+00
 5.000077e+00
 5.000077e+00
 5.000084e+00
 5.000365e+00
 5.010276e+00
 5.279983e+00
 6.550847e+00
 7.777737e+00
 7.808929e+00
 7.862964e+00
 7.939141e+00
 7.999563e+00
 8.016807e+00
 8.018935e+00
 8.019147e+00
 8.019163e+00
 8.019164e+00
 8.019164e+00
 8.019164e+00
 8.019164e+00
 8.019164e+00
 8.019164e+00
 8.019164e+00
 8.019164e+00
 8.019164e+00
 8.019164e+00
 8.019164e+00
 8.019164e+00
 8.019164e+00
 8.019164e+00
 8.019164e+00
 8.019164e+00
 8.019164e+00
 8.019164e+00
 8.019164e+00
 8.019164e+00
 8.019164e+00
 8.019164e+00
 8.019164e+00
 8.019164e+00
 8.019164e+00
 8.019164e+00
 8.019164e+00
 8.019164e+00
 8.019164e+00
 8.019164e+00
 8.019164e+00
 8.019164e+00
 8.019164e+00
 8.019164e+00
 8.019164e+00
 8.019164e+00
 8.019164e+00
 8.019164e+00
 8.019164e+00
 8.019164e+00
 8.019164e+00
 8.019164e+00
 8.019164e+00
 8.019164e+00
 8.019164e+00
 8.019164e+00
 8.019164e+00
 8.019164e+00
 8.019164e+00
 8.019164e+00
 8.019164e+00
 8.019164e+00
 8.019164e+00
 8.019164e+00
 8.019164e+00
 8.019164e+00
 8.019164e+00
 8.019164e+00
 8.019164e+00
 8.019164e+00
 8.019164e+00
 8.019164e+00
 8.019164e+00
 8.019164e+00
 8.019164e+00
 8.019164e+00
 8.019164e+00
 8.019164e+00
 8.019164e+00
 8.019164e+00
 8.019164e+00
 8.019164e+00
 8.019164e+00
 8.019164e+00
 8.019164e+00
 8.019164e+00
 8.019164e+00
 8.019164e+00
 8.019164e+00
 8.019164e+00
 8.019164e+00
