100 1 1
 2.673925e-04
 2.673704e-04
 2.673495e-04
 2.673325e-04
 2.673211e-04
 2.673128e-04
 2.672925e-04
 2.672771e-04
 2.672402e-04
 2.666061e-04
 2.597472e-04
 2.104392e-04
 1.114399e-04
 2.979589e-05
 2.743830e-06
 1.759624e-07
 9.991571e-09
 1.503758e-25
 1.503758e-25
 1.503758e-25
 1.503758e-25
 1.503758e-25
 1.503758e-25
 1.503758e-25
 1.503758e-25
 1.503758e-25
 1.503758e-25
 1.503758e-25
 1.503758e-25
 1.503758e-25
 1.503758e-25
 1.503758e-25
 1.503758e-25
 1.503758e-25
 1.503758e-25
 1.503758e-25
 1.503758e-25
 1.503758e-25
 1.503758e-25
 1.503758e-25
 1.503758e-25
 1.503758e-25
 1.503758e-25
 1.503758e-25
 1.503758e-25
 1.503758e-25
 1.503758e-25
 1.503758e-25
 1.503758e-25
 1.503758e-25
 1.503758e-25
 1.503758e-25
 1.503758e-25
 1.503758e-25
 1.503758e-25
 1.503758e-25
 1.503758e-25
 1.503758e-25
 1.503758e-25
 1.503758e-25
 1.503758e-25
 1.503758e-25
 1.503758e-25
 1.503758e-25
 1.503758e-25
 1.503758e-25
 1.503758e-25
 1.503758e-25
 1.503758e-25
 1.503758e-25
 1.503758e-25
 1.503758e-25
 1.503758e-25
 1.503758e-25
 1.503758e-25
 1.503758e-25
 1.503758e-25
 1.503758e-25
 1.503758e-25
 1.503758e-25
 1.503758e-25
 1.503758e-25
 1.503758e-25
 1.503758e-25
 1.503758e-25
 1.503758e-25
 1.503758e-25
 1.503758e-25
 1.503758e-25
 1.503758e-25
 1.503758e-25
 1.503758e-25
 1.503758e-25
 1.503758e-25
 1.503758e-25
 1.503758e-25
 1.503758e-25
 1.503758e-25
 1.503758e-25
 1.503758e-25
