100 1 1
 9.999431e-04
 9.998718e-04
 9.998040e-04
 9.997479e-04
 9.997102e-04
 9.996824e-04
 9.996139e-04
 9.995616e-04
 9.994369e-04
 9.973150e-04
 9.748221e-04
 8.154615e-04
 4.845687e-04
 1.658352e-04
 2.422106e-05
 2.697643e-06
 2.592283e-07
 1.000000e-20
 1.000000e-20
 1.000000e-20
 1.000000e-20
 1.000000e-20
 1.000000e-20
 1.000000e-20
 1.000000e-20
 1.000000e-20
 1.000000e-20
 1.000000e-20
 1.000000e-20
 1.000000e-20
 1.000000e-20
 1.000000e-20
 1.000000e-20
 1.000000e-20
 1.000000e-20
 1.000000e-20
 1.000000e-20
 1.000000e-20
 1.000000e-20
 1.000000e-20
 1.000000e-20
 1.000000e-20
 1.000000e-20
 1.000000e-20
 1.000000e-20
 1.000000e-20
 1.000000e-20
 1.000000e-20
 1.000000e-20
 1.000000e-20
 1.000000e-20
 1.000000e-20
 1.000000e-20
 1.000000e-20
 1.000000e-20
 1.000000e-20
 1.000000e-20
 1.000000e-20
 1.000000e-20
 1.000000e-20
 1.000000e-20
 1.000000e-20
 1.000000e-20
 1.000000e-20
 1.000000e-20
 1.000000e-20
 1.000000e-20
 1.000000e-20
 1.000000e-20
 1.000000e-20
 1.000000e-20
 1.000000e-20
 1.000000e-20
 1.000000e-20
 1.000000e-20
 1.000000e-20
 1.000000e-20
 1.000000e-20
 1.000000e-20
 1.000000e-20
 1.000000e-20
 1.000000e-20
 1.000000e-20
 1.000000e-20
 1.000000e-20
 1.000000e-20
 1.000000e-20
 1.000000e-20
 1.000000e-20
 1.000000e-20
 1.000000e-20
 1.000000e-20
 1.000000e-20
 1.000000e-20
 1.000000e-20
 1.000000e-20
 1.000000e-20
 1.000000e-20
 1.000000e-20
 1.000000e-20
