100 1 1
 1.024792e-02
 1.042805e-02
 1.063929e-02
 1.086450e-02
 1.107721e-02
 1.129959e-02
 1.156727e-02
 1.186955e-02
 1.203574e-02
 1.203956e-02
 1.187496e-02
 1.008111e-02
 5.935687e-03
 1.975188e-03
 2.764821e-04
 2.957624e-05
 2.596091e-06
 1.828153e-07
 9.445077e-09
 3.183525e-10
 2.299361e-17
 2.694198e-18
 2.228545e-18
 2.221745e-18
 2.221697e-18
 2.221697e-18
 2.221697e-18
 2.221697e-18
 2.221697e-18
 2.221697e-18
 2.221697e-18
 2.221697e-18
 2.221697e-18
 2.221697e-18
 2.221697e-18
 2.221697e-18
 2.221697e-18
 2.221697e-18
 2.221697e-18
 2.221697e-18
 2.221697e-18
 2.221697e-18
 2.221697e-18
 2.221697e-18
 2.221697e-18
 2.221697e-18
 2.221697e-18
 2.221697e-18
 2.221697e-18
 2.221697e-18
 2.221697e-18
 2.221697e-18
 2.221697e-18
 2.221697e-18
 2.221697e-18
 2.221697e-18
 2.221697e-18
 2.221697e-18
 2.221697e-18
 2.221697e-18
 2.221697e-18
 2.221697e-18
 2.221697e-18
 2.221697e-18
 2.221697e-18
 2.221697e-18
 2.221697e-18
 2.221697e-18
 2.221697e-18
 2.221697e-18
 2.221697e-18
 2.221697e-18
 2.221697e-18
 2.221697e-18
 2.221697e-18
 2.221697e-18
 2.221697e-18
 2.221697e-18
 2.221697e-18
 2.221697e-18
 2.221697e-18
 2.221697e-18
 2.221697e-18
 2.221697e-18
 2.221697e-18
 2.221697e-18
 2.221697e-18
 2.221697e-18
 2.221697e-18
 2.221697e-18
 2.221697e-18
 2.221697e-18
 2.221697e-18
 2.221697e-18
 2.221697e-18
 2.221697e-18
 2.221697e-18
 2.221697e-18
 2.221697e-18
 2.221697e-18
