100 1 1
 2.918127e-03
 2.917925e-03
 2.917733e-03
 2.917574e-03
 2.917467e-03
 2.917388e-03
 2.917194e-03
 2.917046e-03
 2.916693e-03
 2.910680e-03
 2.846903e-03
 2.392637e-03
 1.435707e-03
 4.960300e-04
 7.275582e-05
 8.108490e-06
 7.792374e-07
 3.006012e-20
 3.006012e-20
 3.006012e-20
 3.006012e-20
 3.006012e-20
 3.006012e-20
 3.006012e-20
 3.006012e-20
 3.006012e-20
 3.006012e-20
 3.006012e-20
 3.006012e-20
 3.006012e-20
 3.006012e-20
 3.006012e-20
 3.006012e-20
 3.006012e-20
 3.006012e-20
 3.006012e-20
 3.006012e-20
 3.006012e-20
 3.006012e-20
 3.006012e-20
 3.006012e-20
 3.006012e-20
 3.006012e-20
 3.006012e-20
 3.006012e-20
 3.006012e-20
 3.006012e-20
 3.006012e-20
 3.006012e-20
 3.006012e-20
 3.006012e-20
 3.006012e-20
 3.006012e-20
 3.006012e-20
 3.006012e-20
 3.006012e-20
 3.006012e-20
 3.006012e-20
 3.006012e-20
 3.006012e-20
 3.006012e-20
 3.006012e-20
 3.006012e-20
 3.006012e-20
 3.006012e-20
 3.006012e-20
 3.006012e-20
 3.006012e-20
 3.006012e-20
 3.006012e-20
 3.006012e-20
 3.006012e-20
 3.006012e-20
 3.006012e-20
 3.006012e-20
 3.006012e-20
 3.006012e-20
 3.006012e-20
 3.006012e-20
 3.006012e-20
 3.006012e-20
 3.006012e-20
 3.006012e-20
 3.006012e-20
 3.006012e-20
 3.006012e-20
 3.006012e-20
 3.006012e-20
 3.006012e-20
 3.006012e-20
 3.006012e-20
 3.006012e-20
 3.006012e-20
 3.006012e-20
 3.006012e-20
 3.006012e-20
 3.006012e-20
 3.006012e-20
 3.006012e-20
 3.006012e-20
