100 1 1
 9.999468e-04
 9.998806e-04
 9.998183e-04
 9.997673e-04
 9.997333e-04
 9.997085e-04
 9.996477e-04
 9.996015e-04
 9.994913e-04
 9.975935e-04
 9.770084e-04
 8.255795e-04
 4.964669e-04
 1.728154e-04
 2.564149e-05
 2.848350e-06
 2.870546e-07
 1.000000e-20
 1.000000e-20
 1.000000e-20
 1.000000e-20
 1.000000e-20
 1.000000e-20
 1.000000e-20
 1.000000e-20
 1.000000e-20
 1.000000e-20
 1.000000e-20
 1.000000e-20
 1.000000e-20
 1.000000e-20
 1.000000e-20
 1.000000e-20
 1.000000e-20
 1.000000e-20
 1.000000e-20
 1.000000e-20
 1.000000e-20
 1.000000e-20
 1.000000e-20
 1.000000e-20
 1.000000e-20
 1.000000e-20
 1.000000e-20
 1.000000e-20
 1.000000e-20
 1.000000e-20
 1.000000e-20
 1.000000e-20
 1.000000e-20
 1.000000e-20
 1.000000e-20
 1.000000e-20
 1.000000e-20
 1.000000e-20
 1.000000e-20
 1.000000e-20
 1.000000e-20
 1.000000e-20
 1.000000e-20
 1.000000e-20
 1.000000e-20
 1.000000e-20
 1.000000e-20
 1.000000e-20
 1.000000e-20
 1.000000e-20
 1.000000e-20
 1.000000e-20
 1.000000e-20
 1.000000e-20
 1.000000e-20
 1.000000e-20
 1.000000e-20
 1.000000e-20
 1.000000e-20
 1.000000e-20
 1.000000e-20
 1.000000e-20
 1.000000e-20
 1.000000e-20
 1.000000e-20
 1.000000e-20
 1.000000e-20
 1.000000e-20
 1.000000e-20
 1.000000e-20
 1.000000e-20
 1.000000e-20
 1.000000e-20
 1.000000e-20
 1.000000e-20
 1.000000e-20
 1.000000e-20
 1.000000e-20
 1.000000e-20
 1.000000e-20
 1.000000e-20
 1.000000e-20
 1.000000e-20
